,602,603,604,605,101,102,103,104,105,106,107,108,109,110,112,113,114,115,201,202,203,204,205,206,207,208,209,210,211,212,213,214,215,301,302,303,304,305,306,307,308,309,310,311,312,313,314,315,316,317,318,319,320,321,322,323,324,325,326,327,328,329,330,331,332,333,334,401,402,403,404,405,406,407,408,409,410,411,412,413,414,415,416,417,418,419,420,421,501,502,503,504,505,506,507,508
602,0.0,0.96815351223507595,1.0,0.93341548575722877,0.97724994819025268,1.0,0.99329055470528449,0.98534237917996292,0.99176110164501829,1.0,0.97045374421515418,0.9899292563186155,1.0,0.98174714406022023,0.99187233584843049,0.9863103580451652,0.98233474698771228,1.0,1.0,0.95805569860609263,0.9843892854995886,1.0,1.0,0.97305648847928039,0.99187233584843049,1.0,0.99193390994853869,0.99255429528635597,1.0,0.97180440542895496,1.0,1.0,1.0,0.93484353635433759,0.96646736244925779,1.0,1.0,0.91502501191492325,0.90423494143648853,0.96326683600162744,0.97449278362535763,1.0,0.98079584530783692,0.98913300229539225,0.91648927572249794,0.96090407855527471,0.96085198536568639,0.94061443131513278,0.98531949451213241,0.97134658724693734,0.97967840633439263,0.97841335541118268,0.88292125727406123,0.98124193816289673,0.9723181733820867,1.0,0.96040962087675519,0.99196417680969395,1.0,0.96883358677584375,0.96169397657459543,0.96418915467462107,0.95915247157513117,0.95079083380131524,0.94564981500385648,0.99130401904932541,1.0,0.96646736244925779,0.99206748829130664,1.0,1.0,1.0,0.99446609364403749,1.0,0.98358669589253467,0.98806305155820706,0.97669687641474301,1.0,1.0,1.0,1.0,0.96600605310314303,0.99047403014736068,1.0,0.91601612335662186,1.0,1.0,1.0,1.0,0.9528333369363422,1.0,1.0,0.95947795507634459,1.0,0.86285490373525164,0.78115594523379572
603,0.96815351223507595,0.0,1.0,0.87701199074638181,0.88444077516562414,0.93776532959875514,0.97521401697144006,0.95938894443658584,0.96956392282362824,1.0,0.95906891540921368,0.96279673340978378,0.94893200877638528,0.93257043501011017,0.93994968678519397,0.9494278262575826,0.9347411533852672,0.96039409828093303,0.94836452482755729,0.93801986919466962,0.95674826073450048,0.92182368950058957,0.98492956954242195,0.95023273982065604,0.98498742169629849,0.98507296414933665,0.95530346496457319,0.94498826577708195,0.96105209692570026,0.89584004372634052,1.0,0.98707280775012451,0.97131713568941125,0.87964973770675603,0.91741598609846664,0.98592665563597504,0.97957481574485827,0.9775775735334562,0.91155635779034683,0.95476687269680993,0.97644285762842276,0.91035625350444016,0.92905615421699683,0.93978282655722245,0.97429127516354697,0.94222885482481844,0.96384492369689068,0.96343637879364352,0.97288369277266795,0.97353719379875181,0.92492811945187903,1.0,0.98648401803939068,0.89605616069871441,0.92330350111526294,1.0,0.89030913638093045,0.91836383437333502,0.97498436033628699,1.0,1.0,0.97795130681487885,0.87425113629303575,0.90910593166242526,0.89960997491293937,0.93575074337967645,1.0,1.0,0.98534788704959075,0.97821965790654841,1.0,1.0,0.98977834209867099,0.97610225476538248,0.92420761717614597,1.0,0.87087066061522245,1.0,0.98111862719876597,0.98045592237514745,1.0,0.98744198135838612,0.96480923284611064,1.0,0.98707280775012451,1.0,1.0,1.0,1.0,0.95643931581309682,1.0,1.0,0.88772782171523201,0.92924508623227753,0.91555993381585021,0.95957739582727786
604,1.0,1.0,0.0,1.0,0.96602106890004724,0.97483828813012008,0.96993680085286271,1.0,0.95077831701051474,1.0,1.0,1.0,0.97247069149382159,0.98636898633150782,1.0,0.97955347949726168,1.0,0.96797436923898261,1.0,0.98747059972418527,0.97668421167272923,1.0,0.98781393630001268,1.0,0.98786071598784619,1.0,1.0,0.97775854845771326,1.0,1.0,0.96527089171590319,0.98954697487491139,0.93042045894359304,0.9721953915603333,0.9666109718352911,0.97724037526670271,0.96696808400824741,1.0,0.91418056484640653,0.96342415220202726,0.98095151705601347,0.97100535626569051,1.0,0.88638519219679079,1.0,0.97664290820664745,1.0,1.0,0.95614709903464856,1.0,0.98482407783552683,1.0,1.0,1.0,1.0,0.97355570573260275,1.0,0.99399894372113418,1.0,1.0,1.0,0.98217126044198322,0.9389911123913437,0.98530047419905364,0.97680681964786431,0.98701189166334669,0.93393616801649493,0.98330548591764555,1.0,1.0,1.0,1.0,0.98346938069808898,1.0,0.95097096621545396,1.0,1.0,0.94018513954454208,0.98473237958618853,1.0,1.0,1.0,1.0,0.95910695899452347,1.0,1.0,1.0,1.0,0.89872606329163329,1.0,1.0,1.0,1.0,1.0,1.0,1.0
605,0.93341548575722877,0.87701199074638181,1.0,0.0,0.92678461114375466,0.92409666099289189,0.92226634289304799,0.96226247159273315,0.89394061132667568,1.0,0.95245635867943979,0.94814370211582688,0.98813636002089433,0.95300617487665062,0.91629802392342075,0.98237731557874397,0.96588926356683391,0.97239737762630585,0.98200679115475042,0.92440710539815452,0.95980863544295747,0.91827463520752062,0.98949693397008842,0.93930230213331156,0.95814901196171032,1.0,1.0,0.91373625810976067,0.95475992995384051,0.9637037939462163,1.0,0.99099062537304439,0.96001998501248909,0.97603544133960507,0.91366683053965692,0.93134284659407507,0.98576503441565677,0.93749236920820067,0.98767215818196152,0.87390233500174386,1.0,0.93752439976669211,0.97527847997533279,0.90207635068130676,0.96416553126837667,0.93960615583212259,1.0,0.97451764042811873,0.92440710539815452,0.96311444432183413,0.93460000026159995,0.91663449784349071,0.99058027895148881,0.97585273557918528,0.98218258387250501,1.0,0.92355292128435618,0.9586219196630601,0.94769739671841946,1.0,1.0,0.92316779502468027,0.8948339035900762,0.88597541871843333,0.90004996253122271,0.98880565842900892,1.0,1.0,0.97957694569786014,0.96964116296405423,0.95399562937717641,1.0,1.0,0.88341426755512176,0.98943557181589359,0.95390067701480818,0.92500468706059258,0.97422303688867662,0.98684096610080463,0.97275821173584021,0.97579089869324787,0.97374374288066734,0.96321163963090206,0.98237731557874397,0.98198125074608877,0.98388354071949236,0.97741230242736876,1.0,1.0,0.87856465185621679,0.93611234350000605,1.0,0.9217539203564048,1.0,0.85287752841587505,0.94365638301809884
101,0.97724994819025268,0.88444077516562414,0.96602106890004724,0.92678461114375466,0.0,0.91664061278660747,0.85834986835155669,0.93230728848811462,0.92118342925673302,0.95641531501228416,0.96345027503726999,0.89701508173887479,0.93311772189730435,0.94580942891108744,0.54957195460350716,0.93903560752497328,0.91258992087554958,0.96109696793706423,0.93544839066354768,0.95018893144261041,0.91503166314158579,0.96160552617267581,0.94617097555060437,0.93333991672017269,0.92492865910058453,0.95734652543473597,0.93347981211734876,0.92631527692196569,0.93971669837029714,0.90931483132700863,0.91818264688999662,0.95151757230018541,0.95389735058532121,0.92016686111044521,0.92625597331230325,0.90197817640463518,0.95257905640211027,0.93993316850438224,0.91786451634559696,0.93537397296301683,0.95372183309986747,0.82069232568772843,0.9176451955715822,0.96056765065300098,0.96786047660762609,0.91488114338346338,0.99354300963144948,0.97388018788958064,0.94672982945945838,0.94801363668350469,0.93296399023136578,0.98575817879896832,0.94689552245972353,0.90099472415446624,0.94521061989210065,0.97663772982463204,0.9347004697239516,0.92047530364765717,0.93298627984454008,0.96401634608464237,0.98104565761821472,0.92912122297422017,0.92364388162213595,0.93831493946254663,0.96670364208939863,0.96844547426227467,0.93434023194138349,0.9336303759810729,0.96074885111296116,0.93776344635331566,0.91453121743748966,0.92020265591065276,0.9726174772529147,0.98292826052791615,0.92419908568076325,0.96456061148711014,0.90775437521252411,0.96697276838974899,0.95953536107611159,0.95811511946110084,0.95657427023216479,0.86319189900284321,0.93715227077116547,0.97290471445554372,0.95844363340015892,0.91327199675919668,0.9768472611439355,0.94395092935497471,0.97763232923537524,0.93776344635331566,0.99181427067591776,0.94053687057508262,0.95321465996140908,0.93050074460012056,0.95475915834060088,0.98556173060585972
102,1.0,0.93776532959875514,0.97483828813012008,0.92409666099289189,0.91664061278660747,0.0,0.91805216489373231,0.9212288786703533,0.91144712093306224,0.94979466032694093,0.91699941412990271,0.93603892493321539,0.8739314157930721,0.94203644110685192,0.92852583101081365,0.90302250723646371,0.94821762417462552,0.9319082358857399,0.93171276845966644,0.84016259206128119,0.8169604738521119,0.89661286551128105,0.92027822185175834,0.8519127805602269,0.91661346951261591,0.90919228747816594,0.97635576992893636,0.87995872251353058,0.86951284981007948,0.81403728178787693,0.87504033429165051,0.9042621736827412,0.9241345842223424,0.96816767464727549,0.92900942851801249,0.95160929037640829,0.9081590794272516,0.93476260400533484,0.91578480789334815,0.98205393659806117,0.98130759486359853,0.94309472002982397,0.91555993381585021,0.94159996324175044,0.91840132515171935,0.92359842620305233,0.99043707815751258,0.9806580382271447,0.94979466032694093,0.97900197372170961,0.92057474638066306,0.94726900023597227,0.95352576179365989,0.9541785500643154,0.9053319036410824,0.95675005865769314,0.9806580382271447,0.93129643370329152,0.96691714810136586,0.97716037633908226,0.9812855128651885,0.89502722378370436,0.92017542132143337,0.88941029538464378,0.93172112580010813,0.96176404435490637,0.92976870779731002,0.9453918680907788,0.98062277482180127,0.8847831450299527,0.93889200656412553,0.90292247190475283,0.94052076877353341,0.97471643893384119,0.87570931704945554,0.97084089549547348,0.92030647473222404,0.93152048506356255,0.93507705028131749,0.96381450292894832,0.93568569317596595,0.91031780866660739,0.96276854148518265,0.93311897050790604,0.9487118787586114,0.95106827710549513,0.96571036667509069,0.95157767061607967,0.9834365335000016,0.95391325801198112,0.93938391937889099,1.0,0.94060861290835018,0.9812855128651885,0.94416456581893271,0.97861665669668052
103,0.99329055470528449,0.97521401697144006,0.96993680085286271,0.92226634289304799,0.85834986835155669,0.91805216489373231,0.0,0.92014426190530951,0.90702166761792535,0.89145515058648039,0.95688302035966932,0.91770083156264604,0.92110031399159775,0.93252093734144803,0.9367427431214197,0.89878140601217216,0.93125605175211312,0.95410687103349845,0.907531848183879,0.95103239876081824,0.93013893028706096,0.93000142902198335,0.93967402748092832,0.88204364917123679,0.86399689771105248,0.94653770832575002,0.97802769008333346,0.84063861042280785,0.90153306941104583,0.92319421947347957,0.88840072102194445,0.91284761838224227,0.91237750922742988,0.9637778625017055,0.94345367016179726,0.92587539415561704,0.91393609404846443,0.95748421603779521,0.95155320621308603,0.9428214761910565,0.96525872760411457,0.96222755755265699,0.93647733190820681,0.974626788737331,0.98916732770280191,0.92697235418352153,0.99238281758501612,0.97689023498557215,0.97714845275504847,0.99442479334416622,0.94464327187366282,0.95799802082011043,0.95443906166936199,0.97080136398242312,0.97306919330415009,0.98621999852898479,0.96148372497595358,0.95309315299877251,0.93148588717305369,0.93935829007760729,0.97018658843882222,0.93961191187273863,0.88872991149925618,0.91191165554321496,0.97582827840756681,0.96277575699458373,0.92254248464361799,0.90430621104304165,0.97221772274651397,0.92199208111948683,0.9548022214723848,0.9058646689144374,0.98061843129614434,0.91944324133837319,0.94251518534039547,0.93961191187273863,0.89571386106151862,0.93766149652320396,0.9403308433095694,0.97529462200775885,0.95243071106499044,0.91004504012914278,0.89249669639572893,0.97336352789794001,0.90740059453113231,0.95128033757542263,0.9726871769652774,0.91184004292507259,1.0,0.96329039111505266,0.94206075285639856,1.0,0.9448082699400101,0.96273323554852774,0.96442018919469619,0.94038611813078044
104,0.98534237917996292,0.95938894443658584,1.0,0.96226247159273315,0.93230728848811462,0.9212288786703533,0.92014426190530951,0.0,0.90194072977353501,0.93135717075884383,0.9686018584889079,0.93578828311797935,0.94515620478617657,0.93792992163045141,0.93435814717324073,0.92726162691068525,0.89862867779527222,0.94075588632452922,0.96435149042838675,0.95364380362934908,0.95355036542299232,0.95502334806634781,0.96531852164162113,0.86256513415000868,0.89980980358020946,0.938167326402507,0.97942803403142087,0.94303084282324923,0.96414778300121262,0.92509293945925997,0.95716982116846205,0.97620059283584881,0.92409116901200683,0.86547597203437787,0.94298499238751599,0.91579408349690938,0.91539219414678996,0.97935976943908076,0.92672749077265837,0.94795265702385623,0.9512092986938635,0.95048883049012434,0.95510278878529331,0.97690377188807864,0.96450201260487756,0.93684953822542916,0.99167965706167804,0.95792819451502242,0.98127922838877557,0.98782026507930221,0.9092997377123555,0.97247242994909833,0.93779152663507348,0.93621193460732033,0.93528291995166424,0.9698958665598213,0.94951383341802686,0.95047096626919558,0.94818851185079289,0.9801280921698281,0.99185861008585097,0.95433354409387705,0.9479107002713949,0.95398174272312963,0.96699616044000303,0.97782154389061393,0.95769609707339498,0.95723874429063704,0.98651247714192225,0.93985245755958147,0.95822530445960397,0.93389809145427383,0.95530624053836988,0.95600342609979394,0.90930134451978351,0.90866708818775399,0.93561436613147231,0.97446507946125083,0.93482263920472164,0.95952101325971295,0.94004554808175889,0.92775079435036212,0.92711415578950573,0.97090465076427412,0.88695281597028175,0.95742632620540991,0.96270733030241573,0.9398136150999693,1.0,0.93985245755958147,0.96835612044194574,0.97810772950768032,0.92248864160067967,0.95929305042925461,0.96113573084472737,0.98139514759380175
105,0.99176110164501829,0.96956392282362824,0.95077831701051474,0.89394061132667568,0.92118342925673302,0.91144712093306224,0.90702166761792535,0.90194072977353501,0.0,0.92984830834171084,0.95058399456912823,0.92781450481149919,0.9559612358731473,0.86916642044490677,0.89125208993546756,0.92477069175582138,0.94090985706279129,0.948768448042144,0.96326428693982669,0.95590465095764676,0.94778227345288357,0.959550536264691,0.96491061398666866,0.93240561233899932,0.93397448317510534,0.98069138235547659,0.98072784814372571,0.92884049099237154,0.95633697902903014,0.93936953355270136,0.92222115528973692,0.94983473982364686,0.95918753649351463,0.95996875354877675,0.94658741481136532,0.87621049278918817,0.87318085319645444,0.96519501417672049,0.94508569859093072,0.92978733337004438,0.95733927330507185,0.94434055867095346,0.89446654063911502,0.85979274782407844,0.9667449088377934,0.87296087185713767,0.9906464411122281,0.98108149565296709,0.92283313917588183,0.9657694794966063,0.90774742291317934,0.94842345052820953,0.95104655706196095,0.92829076512706754,0.95370224557560157,0.98307877529896359,0.98108149565296709,0.96352031191459153,0.98705657502984168,0.95532081754808662,1.0,0.9201419884369616,0.90240379592403142,0.97648509953022689,0.97402843231405478,0.96260115175597949,0.97357934441592797,0.95192867333022879,0.96588460769749873,0.9380180858353393,0.94022985604916798,0.88027767295413062,0.86249063141014815,0.87016737913307685,0.9137248267935032,0.92584613212003575,0.92761899090216438,0.94258833206172243,0.95603736863727329,0.96966290219851825,0.93709373911934468,0.92527661079881784,0.91351118592193603,0.92804153124469868,0.8796033755767525,0.97606977453583177,0.96646107645472312,0.92557367051629169,0.96759832154958325,0.93238336636582475,0.89327979877346897,1.0,0.83540849443383491,0.97254284929546542,0.94538698211287708,0.93725441948618415
106,1.0,1.0,1.0,1.0,0.95641531501228416,0.94979466032694093,0.89145515058648039,0.93135717075884383,0.92984830834171084,0.0,0.96855283716083573,0.93140056594299647,0.92937645768538624,0.99222912659799734,0.98615908669104335,0.8834368989699608,0.95487573718028596,0.92697032566597781,0.93454236064770535,0.95714285714285718,0.98006193334932434,0.95495312686522205,0.90968737266378163,0.91970449314530334,0.79930675702012843,0.97935692940388075,0.86263943605131099,0.93660210883237827,0.92818361521763182,0.97599231631163286,0.83501135082860789,0.9344494469893655,0.94050033789835619,1.0,0.95241331327331991,0.97405003519461586,0.96233782114226452,1.0,0.95922949543415981,0.95829711718858501,0.97828138786184649,0.99173525493865888,0.97547237724371016,1.0,0.98814886342150055,0.95339543138701055,1.0,1.0,0.92500000000000004,0.96340374726443001,0.98269678649485048,0.98161963444765477,0.9937694401715097,0.98402808587500146,0.98821488698022419,0.95477329831333546,1.0,0.98973661465930052,0.97693671979927788,0.93365688844571559,1.0,0.96950816394318473,0.97681305521199158,0.98323996192115026,0.98677785286630137,0.96297819514005678,0.99058445528556616,0.97144798796399201,0.94596567730417003,0.91967806710975009,0.90110564933934501,0.96321938210396874,1.0,0.96695105130705761,0.93012287570313157,0.94918027323864118,0.95039526311671596,0.96590028302647635,0.95648058601107555,0.98198125074608877,0.90392310771694773,0.93053247330287658,0.96755571577384747,0.9417184494849804,0.98212257645164514,0.94669982091109739,1.0,0.90355143556591755,1.0,1.0,0.97887114363178707,1.0,0.96549672203288228,0.96738359634732785,1.0,1.0
107,0.97045374421515418,0.95906891540921368,1.0,0.95245635867943979,0.96345027503726999,0.91699941412990271,0.95688302035966932,0.9686018584889079,0.95058399456912823,0.96855283716083573,0.0,0.9482258182368376,0.9605171549253998,0.87879152704744812,0.95125116507701424,0.9472156650045338,0.9394547182554116,0.93569587029555246,0.93712349393548111,0.96765434679400253,0.96321625645183484,0.96826824165103442,0.96854069774218665,0.92785526059106083,0.9338408668902336,0.95845337583766244,0.9896329599467828,0.96491116499314256,0.95784279779360415,0.93054243447279084,0.96015289663662207,0.9640195680339313,0.96673607888025526,0.9561345483178193,0.93295831036613497,0.92492314526069452,0.95262525314332258,0.91678846941142711,0.9425611720139645,0.96852550368080448,0.9562887211168537,0.97920777729854636,0.88892932285005244,0.97206611883995031,0.97018523025494019,0.92965209000535931,0.96645635963822485,0.94063531598913364,0.92452680918600583,0.85269141515792912,0.94776285061722265,0.94451100653747544,0.94670610717445214,0.95178194710317043,0.99407026610862648,0.96207329459683089,0.96607732342236208,0.93114573864745209,0.93037362610457142,0.97997149472987755,0.93435562515881654,0.91817542538719832,0.95333352777656255,0.94940265792100653,0.92349298142458713,0.97764677006021639,0.94315030377198705,0.94732438671624886,0.98640619084224235,0.95958564954950221,0.96172373231878128,0.97779239525820982,0.98340411941271066,0.97782835901418363,0.93319790588251728,0.97442982043349946,0.94509052600963894,0.92279156662462158,0.9693442089964065,0.95920202497990137,0.91137386014995769,0.95630886751843147,0.94694540415848283,0.9765402955575706,0.96102119870342551,0.97318176942135459,0.93234421232602038,0.94540539319548011,0.98547517765564685,0.95958564954950221,0.9893689186109359,1.0,0.95659879197132414,0.95076671886911246,0.95103683386567028,0.98124853498456632
108,0.9899292563186155,0.96279673340978378,1.0,0.94814370211582688,0.89701508173887479,0.93603892493321539,0.91770083156264604,0.93578828311797935,0.92781450481149919,0.93140056594299647,0.9482258182368376,0.0,0.97308480536731479,0.97867689929975998,0.91929430031474957,0.94002877928057482,0.93809002216656268,0.91859084215893061,0.89386428875350343,0.94120048509399701,0.95896779734718507,0.96909809996916596,0.94757742587836757,0.92131105246353662,0.96202084720694103,0.96223725439753194,0.96702000067979177,0.96955658381845555,0.97126171377947235,0.9300061756532344,0.93209123224607793,0.93050506885717887,0.94104293232463976,0.9184469401760007,0.9412404439942329,0.86203815029274056,0.92895088573765683,0.92909406169808051,0.96643799752677861,0.9284801460147849,0.97765173248228654,0.9092869065866539,0.89904513760929028,0.99365255258878071,0.98374037475565368,0.93149184932881723,0.94283380495249702,0.97687513549685601,0.94855042445724735,0.93305380729954213,0.9347155140398582,1.0,0.97008109853350832,0.89043357302180426,0.90298574998546677,0.95863298480039849,0.96531270324528395,0.94836875543539834,0.94462552107563291,0.93628460131313618,0.97762533168451915,0.91633109212574138,0.8966102661520563,0.94826218928576844,0.93197261422073818,0.97968260111071259,0.94186890651262833,0.96082696266282186,0.96293276043412568,0.93112451076705294,0.92172196361435632,0.94953740856130719,0.97414102365499489,0.97732860823485201,0.92330350111526294,0.92330350111526294,0.91152572120476372,0.96491168071168421,0.92237941357655084,0.95055695995066558,0.92859944527045835,0.97617283491618778,0.94435851159253426,0.9200383723740998,0.94685681736137206,0.98537455151745734,0.9385059953731909,0.92556643447237941,0.98019704914046657,0.98622490215341063,1.0,0.96991715812019064,0.96449641987516366,0.95525066336903819,0.94659541301654471,0.94886900074350866
109,1.0,0.94893200877638528,0.97247069149382159,0.98813636002089433,0.93311772189730435,0.8739314157930721,0.92110031399159775,0.94515620478617657,0.9559612358731473,0.92937645768538624,0.9605171549253998,0.97308480536731479,0.0,0.95121719053085885,0.96090022693007993,0.92316707508610263,0.98111505016495515,0.94842385704448728,0.92902290352354044,0.98206386226930442,0.94576219372123682,0.89819616796879909,0.89969330178520523,0.85238039481456063,0.9131116154001776,0.9395246969585771,0.91808137670782242,0.84478403348282793,0.80839385039439371,0.92464410378483275,0.80942371167125637,0.84662149298908451,0.90454541353557016,0.94527092248052114,0.94025350429059629,0.95520119375010315,0.95862476583213596,0.98702255951593654,0.98976228460659998,1.0,0.9863658193479683,0.99481168379947449,0.89734947534188336,0.94191345395214121,0.96280136686098128,0.90805034423255482,0.98953725299042761,0.96825707832321362,0.96861175897128282,0.96936821329034872,0.96198177947503072,0.97692290623388234,0.97653204236314028,0.93984036517054892,0.94081376511753667,0.99053608924350056,0.98941902610773791,0.97208036688681188,0.9782825260644068,0.97501127708726854,1.0,0.95533602868722567,0.94905418117921037,0.94213250736436427,0.96264820529652739,0.97675901331475934,0.84040981106681001,0.95220280343247699,0.98727968241549857,0.97478835810548392,0.94269317449387469,0.9353491816164764,0.946756047328422,0.97925303265360431,0.90788055916740296,0.96809716334801832,0.93149176075182072,0.96789009593872,0.99453600857714841,0.98868846310764436,0.94973858912882425,0.96002483635330049,0.92871416906937221,0.97073031431851531,0.93266309448301277,0.98661600905506985,0.99062096908144837,1.0,0.98187799059268122,0.96218253715822577,0.97347209454613548,1.0,0.91336022359098246,0.95904913842639983,0.85338572500033749,0.92981375936564037
110,0.98174714406022023,0.93257043501011017,0.98636898633150782,0.95300617487665062,0.94580942891108744,0.94203644110685192,0.93252093734144803,0.93792992163045141,0.86916642044490677,0.99222912659799734,0.87879152704744812,0.97867689929975998,0.95121719053085885,0.0,0.93116416954112302,0.92391304347826086,0.92986901325386184,0.96594973876965007,0.97410442763487726,0.9555950091314136,0.91736736436101829,0.98879828645483414,0.99568118157764929,0.93225509627524494,0.94837312715584221,0.9401118497270764,0.97438212273104929,0.95270492932311734,0.94791290346222623,0.94403179881471266,0.9425616554345716,0.98518152585085372,0.94246132637197066,0.92609402545080688,0.9467502229829744,0.85077612044609319,0.91805295329482828,0.96787139266854227,0.96451588789410569,0.97407457417391552,0.92574006242717333,0.97431028497139682,0.88309802187472664,0.94247741435596422,1.0,0.82202511184229865,0.979277670927993,0.96856526932690346,0.89897864577396602,0.95449842448067101,0.91394490777834292,0.9771469609936313,0.91865962202665341,0.97021222656327499,0.96336775147801179,0.99062797404807446,0.96856526932690346,0.94682968789430311,0.95698676063806598,0.96700518905707,0.94930841127729382,0.9620882883532591,0.956756124993559,0.97916157854024244,0.95068113689026057,0.99079386372223155,0.95317311616847333,0.99408335810921933,0.98320424475870993,0.96879142140528596,0.96216637641072233,0.9862807587847604,0.92676804326277828,0.93151488097009727,0.91311899414288555,0.9620882883532591,0.90748668868968396,0.96820184996255532,0.98376717488141086,0.99439914322741707,0.94524923310210762,0.93522119733837006,0.9394910979183948,0.97826086956521741,0.9740676702389941,0.98674595379187424,0.96284811916164315,0.99250510415977855,1.0,0.92509941137268614,0.88178343906413492,0.98636898633150782,0.91420140638829506,0.92903177578821139,0.95160306609062484,1.0
112,0.99187233584843049,0.93994968678519397,1.0,0.91629802392342075,0.54957195460350716,0.92852583101081365,0.9367427431214197,0.93435814717324073,0.89125208993546756,0.98615908669104335,0.95125116507701424,0.91929430031474957,0.96090022693007993,0.93116416954112302,0.0,0.92578637028652322,0.95003511921454098,0.94440614347088037,0.97034930325397617,0.9723181733820867,0.97792311583518388,0.95510872965534177,0.96923054164517641,0.93014288774731135,0.96551724137931039,0.98476165597058352,0.99619760868463358,0.91927140616280156,0.96023982576258271,0.94018811163768223,0.96346250255771038,0.97690561217810723,0.98535947262113655,0.96489708397563223,0.94203939790328772,0.93175746948405846,0.91659536758458604,0.97138743318752196,0.96839914292153995,0.93650734157009896,0.97595156577639708,0.8444273969160766,0.93210305995108,0.97950899261848845,0.98687755568035074,0.91890802590044807,0.98154544892139106,0.99066845815073579,0.95155680341865168,0.9797389775381723,0.93294216213447989,0.97964791630424453,0.96550534461903892,0.92925891878969447,0.97390132357712433,0.99165361523606443,0.95334229075367882,0.92613159408634005,0.96807831381216281,0.98530801190929129,0.98194236738373708,0.92684729102116137,0.92939573160371447,0.97216309190749928,0.97803920893170493,0.99590067526713932,0.96351047331825646,0.94203939790328772,0.98130289059647069,0.93329626540349298,0.90313191665380677,0.96334643125008435,0.93999970510179565,0.95120771906014168,0.93810155394098271,0.96623721124053596,0.94507401096678878,0.97168172641057005,0.96626848756847128,0.95510872965534177,0.96010624188748916,0.95833525935855757,0.94162239170510753,0.96773320447240141,0.95711042261648482,0.97639285894011629,0.95037083330145344,0.94660255123578174,0.98401788995048722,0.98888271090058222,0.98830229322760677,0.91502501191492325,0.9522443120782289,0.98194236738373708,0.96767459080823826,0.95873436929398848
113,0.9863103580451652,0.9494278262575826,0.97955347949726168,0.98237731557874397,0.93903560752497328,0.90302250723646371,0.89878140601217216,0.92726162691068525,0.92477069175582138,0.8834368989699608,0.9472156650045338,0.94002877928057482,0.92316707508610263,0.92391304347826086,0.92578637028652322,0.0,0.92636246391655486,0.92338691223171265,0.93618591095737602,0.700266311637042,0.86055742735921825,0.91598714841125628,0.9384568374815021,0.89036022160335693,0.87415949744236543,0.91337606835523544,0.91033742955867247,0.89654203289431911,0.92186935519333935,0.9132492881628046,0.88307194142037804,0.90831069120215768,0.94759870794590184,0.99260940254508068,0.90681289022020517,0.8911068987039058,0.85951934850541989,0.98554212670084396,0.90875514029912896,0.96111186126087322,0.91392598144967818,0.95761197020280486,0.8703912851219795,0.93528709115045972,0.95579503262974652,0.97516629467566962,0.97668737979399212,0.99214131733172584,0.97668737979399212,0.97724921224033545,0.9515940106253179,0.95715055186305864,0.95932981101332671,0.93297750976736882,0.96153613905191238,0.97188392214422337,0.96070658665862929,0.94895650037853096,0.93010348603685722,0.96288083768920374,0.98479252338318812,0.94787139648573127,0.90270128123550764,0.96092795976295453,0.96917571055641283,0.93785858012506296,0.93853971497112121,0.93343777872871803,0.93701591784516236,0.86892396990220078,0.68432570317696406,0.92454417331618255,0.91871252802168391,0.95890892858205834,0.83384007629826851,0.9620882883532591,0.96762034104138939,0.90460554988766595,0.94724331836458531,0.96639485936450253,0.87681077447974221,0.80836270879267813,0.87898219583678971,0.92391304347826086,0.95832304145552616,0.95526759404757566,0.923374245770889,0.82012249983468477,0.98654045244854582,0.99063742642158581,0.95074309961005621,1.0,0.91956381848902669,0.96958504676637636,0.98185114978398436,0.92180709472859701
114,0.98233474698771228,0.9347411533852672,1.0,0.96588926356683391,0.91258992087554958,0.94821762417462552,0.93125605175211312,0.89862867779527222,0.94090985706279129,0.95487573718028596,0.9394547182554116,0.93809002216656268,0.98111505016495515,0.92986901325386184,0.95003511921454098,0.92636246391655486,0.0,0.95606119708951287,0.94987613563191031,0.94842941392032687,0.92802475522703498,0.9566355852258126,0.95402236097390514,0.91373153441539334,0.91672519869090163,0.93789977713432027,0.9628102348678913,0.93515558299269652,0.96399265087020791,0.90250038743982031,0.94838139457214221,0.96414641961176406,0.94431363338515184,0.9570839409294013,0.95991680237328336,0.92193513119730131,0.90936117028589158,0.95646796473706841,0.9362223826048609,0.92472752622711907,0.9346642425199021,0.96519221735998373,0.96556650547029621,0.98329876103758129,0.92156650908685489,0.95593720984835961,0.97994477208012709,0.94929538035532268,0.95487573718028596,0.96330269051874362,0.92712582297568058,0.98894132738791407,0.94377011615704998,0.90390388657195531,0.95036584318865636,0.97278904568829527,0.95943630428425819,0.94854136694069735,0.93755718896427453,0.96806737064476656,0.99018805886228634,0.92661751338222043,0.90932120481464151,0.94453914670318162,0.96022402384653693,0.96436092474538138,0.9716753657143411,0.95419063128375237,0.98780870510694063,0.94563297985109396,0.93592257908887289,0.93803793130515234,0.94046546574204903,0.92046349617410261,0.91171169578798394,0.93273272060036871,0.90449590680643965,0.92819285242974658,0.89002823742261472,0.97289724076613282,0.92774335102863659,0.93382361365531841,0.92679877957907963,0.94389521060308945,0.91753676510705739,0.9551042159284846,0.97303309505137681,0.97098553086594896,0.98263166314270312,0.97583687993381951,0.96186303728643086,1.0,0.93772260067480528,0.94112835317371779,0.97658053935919042,0.9775775735334562
115,1.0,0.96039409828093303,0.96797436923898261,0.97239737762630585,0.96109696793706423,0.9319082358857399,0.95410687103349845,0.94075588632452922,0.948768448042144,0.92697032566597781,0.93569587029555246,0.91859084215893061,0.94842385704448728,0.96594973876965007,0.94440614347088037,0.92338691223171265,0.95606119708951287,0.0,0.95219649915428051,0.89567189380853984,0.93690361104488229,0.98026144915120694,0.94419190816249754,0.94554899192207953,0.93429816955649503,0.94472292016074333,0.97492150687122403,0.9583306538910833,0.97377636403748413,0.95178498366491904,0.94698410380169318,0.97388835160664533,0.94689149954562057,0.94212009198267677,0.91659423437717014,0.94788426933529524,0.95874315014964828,0.94716040507325217,0.90472138653193379,0.9619306506186559,0.94448638899972992,0.96982141798582711,0.91043778489602012,0.97297050486402059,0.9394160748628918,0.93192967063431587,0.96348516283298891,0.91383595631446712,0.9543564535412361,0.99109129193625256,0.95577231834754051,0.95973063668715852,0.94994826692873813,0.9300145787776235,0.91393370341761293,1.0,0.9384542545103336,0.93004370902705291,0.97473544236800447,0.99030996833776985,0.98809017331649174,0.94061843047798355,0.97459997459996195,0.95716069570465268,0.92275127206635721,0.95674095436512996,0.93811472522447237,0.94439615625144668,0.97533681881665046,0.97067057699572934,0.92222222222222228,0.96776708143898482,0.96902989466418388,0.9758644603987261,0.92345344553802566,0.98515460761949591,0.89132146659966727,0.92529126323623712,0.96186149643017627,0.96052289830241389,0.9239883049933908,0.96195106861389323,0.95261208977927259,0.91487434692412517,0.9129611720221511,0.96107505279192385,0.94544552744100185,0.94717294562046261,0.95783629786442159,0.98533528849786467,1.0,1.0,0.94960473693210301,0.96427051994947521,0.90050633236738176,0.93195861825602289
201,1.0,0.94836452482755729,1.0,0.98200679115475042,0.93544839066354768,0.93171276845966644,0.907531848183879,0.96435149042838675,0.96326428693982669,0.93454236064770535,0.93712349393548111,0.89386428875350343,0.92902290352354044,0.97410442763487726,0.97034930325397617,0.93618591095737602,0.94987613563191031,0.95219649915428051,0.0,0.90478888821484416,0.88293659461946239,0.94424348264310798,0.87432573270655667,0.8798639010444701,0.90445886604059,0.93120926042594088,0.93787830295729424,0.86116777483321783,0.82620800491220447,0.86285210467865259,0.8460542233485151,0.72765930049712146,0.84263808390170525,0.94717808466456188,0.95469218650580878,0.91970143750304578,0.97758838799189762,0.96063505006594918,0.9844727797289784,0.96029422162879119,0.94830366979739567,0.96065522170444195,0.94940178497174643,0.97797549158649721,0.97179100276108354,0.95879675264654718,0.94446018479199245,0.96790434076473775,0.97619722205371107,0.9477344513481375,0.93822031767695446,0.95624962401859082,0.96440688830113031,0.96198240747054642,0.95511705147493731,1.0,0.96790434076473775,0.95765517241140963,0.97255149313345846,0.94315058730666967,0.99223638986448914,0.95161397314433183,0.92273208227414427,0.97207451746664542,0.97482209342427284,0.95417646638689235,0.9955176775983795,0.95469218650580878,0.97427666030786075,0.90440574335983293,0.97102818130562452,0.95097307069163417,0.9708390410061134,0.9423118356129303,0.95342844915141944,0.98064558925773271,0.92443324562451834,0.96753328035391661,0.93784702314814061,0.96139933413753631,0.91233561757665105,0.9559061303346793,0.95752547488162332,0.98890189755780455,0.93191482512428037,0.97970092276239062,0.95021291792968288,0.96556384356305791,1.0,0.95220287167991646,0.97988298094433579,0.97912358272042277,0.95893630680648068,0.94565472905142423,0.97220434375105425,0.97338768522938257
202,0.95805569860609263,0.93801986919466962,0.98747059972418527,0.92440710539815452,0.95018893144261041,0.84016259206128119,0.95103239876081824,0.95364380362934908,0.95590465095764676,0.95714285714285718,0.96765434679400253,0.94120048509399701,0.98206386226930442,0.9555950091314136,0.9723181733820867,0.700266311637042,0.94842941392032687,0.89567189380853984,0.90478888821484416,0.0,0.62782275585405456,0.902183932621625,0.9007553545755842,0.95083948559916531,0.92486361346566381,0.87024355625296468,0.92935742425495993,0.93116800387515353,0.90424482029017572,0.82165720688641519,0.92457661752164932,0.88762762341034096,0.92066711719780825,0.96376899286010054,0.94017673668645929,0.94068579473055058,0.97847875493843683,0.92321659287334712,0.95340513763903989,0.97616978125062004,0.95656277572369308,0.95277288536376525,0.9392649341272824,0.97885047970863981,0.97291168782057269,0.95815099961282579,0.95238095238095244,0.99036857339338225,0.99285714285714288,0.95817571115934852,0.94561847184095849,0.96849080191026538,0.97507776068603869,0.95436595964286142,0.97979694910895576,1.0,0.96147429357352898,0.94526194484960269,0.98682098274244445,0.97725379032424531,0.98136205505561591,0.9593442185909129,0.96025095179198561,0.95690275922581491,0.96977794940868889,0.90691660492357118,0.96233782114226452,0.96736912910170514,0.94596567730417003,0.94262719079267865,0.82611982301423303,0.95376150893070355,0.98115219411029153,0.96852481076862629,0.93611234350000605,0.98257609368181986,0.96031621049337279,0.93180056605295269,0.96518446880886044,0.98455535778236181,0.9633992791302658,0.89083674376166333,0.97219061352044067,0.92673176506683252,0.94211119993866044,0.97563420384507304,0.94023856953328033,0.90355143556591755,1.0,0.93115262895121442,0.97585273557918528,0.98747059972418527,0.99014192058082351,0.9347671926946558,0.92215010558384769,0.91481645800000799
203,0.9843892854995886,0.95674826073450048,0.97668421167272923,0.95980863544295747,0.91503166314158579,0.8169604738521119,0.93013893028706096,0.95355036542299232,0.94778227345288357,0.98006193334932434,0.96321625645183484,0.95896779734718507,0.94576219372123682,0.91736736436101829,0.97792311583518388,0.86055742735921825,0.92802475522703498,0.93690361104488229,0.88293659461946239,0.62782275585405456,0.0,0.90898771402480572,0.89657752383515832,0.8902214513770017,0.86753869501110326,0.88658604053314771,0.95252912929415512,0.86179923582905271,0.84726614758384788,0.7798132731467784,0.88069881680142792,0.82257146056915897,0.88752040498486473,0.97471683176882529,0.93421746713953169,0.88272445101558128,0.96996355870899209,0.90657507180210106,0.93496919700676828,0.99445683428653797,0.91916826787747363,0.95605785656430375,0.95218340310868543,0.97048236183607306,0.94329069976278834,0.95044240025430571,0.9645545481765766,0.97311551641266303,0.99335397778310808,0.9935141464337176,0.94480118013815306,0.98045498914952312,0.9337464975298867,0.9575401215515883,0.96240442098015433,0.99198459562116492,0.90142356017976455,0.95270725701693082,0.96321302257398356,0.95767189184055901,0.90462148894326011,0.94055617017222359,0.96917980995941011,0.98663348974864129,0.9683651139019932,0.9448853067756694,0.93992711741798418,0.94433785681037297,0.94613300363332131,0.93060322443600108,0.93933039523546369,0.94524436397388023,0.96242111899519966,0.97071412703223803,0.89968853716562736,0.96757609282121282,0.96307649146038921,0.89121881123403346,0.92595686598745408,0.98083951874206432,0.96168825036141437,0.9138192245207658,0.99568749132443668,0.9132357325790692,0.87326532897797071,0.97166126604886693,0.92850835697288947,0.98718001395967525,0.95395500740844685,0.90391215691138604,0.97753234418549428,1.0,0.96331047169199036,0.95664613133784548,0.88617373186806425,0.93064886520092749
204,1.0,0.92182368950058957,1.0,0.91827463520752062,0.96160552617267581,0.89661286551128105,0.93000142902198335,0.95502334806634781,0.959550536264691,0.95495312686522205,0.96826824165103442,0.96909809996916596,0.89819616796879909,0.98879828645483414,0.95510872965534177,0.91598714841125628,0.9566355852258126,0.98026144915120694,0.94424348264310798,0.902183932621625,0.90898771402480572,0.0,0.9499285973405156,0.85118375499343579,0.87031410789320973,0.92064803991418465,0.96039895105332385,0.84920970704875143,0.90510362848750103,0.90915642916494066,0.900110926268196,0.93557423755524538,0.93805589601188666,0.93145206954859594,0.93140379392380224,0.96259312728191715,0.9185649571367811,0.99255016406220542,0.95298345608145185,0.96994264845823486,0.9765194664243797,0.97021592621843888,0.94107238876798505,0.95998577018809483,0.9914582936647266,0.97120836448260039,0.98798750049739259,0.98785176173125344,0.97297187611913327,0.97362325193300014,0.93764354691276408,1.0,0.96407459351646108,0.953952973484264,0.96602352057082497,0.97826857073937468,0.97570352346250688,0.93835554434988933,0.97506571222542959,0.97130992259629823,1.0,0.919417703597462,0.92479604606210686,0.90940152291136078,0.97617534461995636,0.97331653525205808,0.95928247856839055,0.92454417331618255,0.98052738176477838,0.92763496158305525,0.95065362287801736,0.89926340884657929,0.88792741685669463,0.92853991364757948,0.90934491654714478,0.95604602014407014,0.96424738737175464,0.97542263000898954,0.96236006039950794,0.93506493506493504,0.91921134654664349,0.93741410275775761,0.92984734933675983,0.98319742968225121,0.94845939004419633,0.95390067701480818,0.97846347538730261,0.9739317625234386,1.0,0.98552699231661101,0.92385688701585345,1.0,0.95026352686980065,0.98824586402036296,0.95791726819215672,0.9328480863312183
